$ANSIBLE_VAULT;1.1;AES256
65666263613330633166343734356531313962326163653565376133343535636534316166353838
3037613865303632383161623935363163313739343930310a366637653734323834373462623161
63396633643837393865333563666134353765343237643764386230373638626364313666303931
3032623436613464310a303061636366313761666234373937343035306563373861303265316439
35373839333962623239383165623236346236353030343833353932343964363266373834633933
32346162336434626363653263663663396530353033356531353135396265363038623539633038
34386164316365663362333339656561383037613839383165313262633333343039326466376339
34316630643462376339343862323364643561333132613665323163383664306631393433663066
38306137656166323837343861373362653230393666333161333563613738343533303836623065
37636262363463396633323561356330653638336266316134626461393938346639633962393437
31346437373464656561386537393735326266656536386665386334373439313561343565633530
63623464633863373133653462366638656266626630336433303530626437343163323830643833
64636335323138353436343265333761663532383364373166333264623763616238666439626333
33623862306137333136383732373932363230663538336661373036363731336539656566363361
36613363366331383035343365613337316334356465626335633538386331633064376631373134
37363638663864636563353066653264336332333535313332653439623133613661643361653662
64393336373937356236646532316465353533393565356133306161376462373363363539373531
36386534623639636536343562626466393165623532636134393562373133326130336561383961
62616238366137613838663835613466663439666539623663613534333631353963643161613462
64663834643664393331616139393365316230626534333437326438646661376431363831343361
39353962393532653065616562666334393565376534663038663061376261303931366466333961
61326138353831363563656336393331343636653236343434303266316233663666636662656365
30323633363532636230343232303063646335386564643036333834316137373730306232626538
35313238663663663034353339646565633066663239623866353038616161313866623631313366
32653665326133663964363136653865663866663263303164663431333232303865666266646462
64356439656361643463363862333430326634363265653034316239363030383138336564373535
66653263323466303064643334323563613536616633633564326131316638353339646139313761
32366330366635393462
