$ANSIBLE_VAULT;1.1;AES256
31616630323462633036643231326161373038323264396236353662353462366337376137323066
6161366334373238643432666538666534346630663238390a643036383536393265393530323935
37653534316364373636356631373337386164663430613732326135306237353531626233373538
3231623061633834340a373566613166393333303661313733363665643938633465373730623036
38323733366461376166633438303661666533376432643265343335356135346431396239636436
38666238313363613236393134633036383735623365636666633762303663396439643637666230
33653836373963633634383634663261393065353338323730356136333638376234346236326462
62343466313030353861616231616362313637356165353365373066663636646639346431623464
65353533333736666161663533643764613163313034646461346363356363333533653738353861
30366634343762613666356663333133363832396265613761663139636266643234663434343634
39666563333864343130356561623663633835646237376236323435633937373263313064383830
37366134633361396361633931663633333766353965303737626233373332363230643339353431
36653136323035303661633736383936396265643334343361303130356465646564396264666236
30643331333030623065633838366637626463633965653437656263326631613666333438646562
31623664633832636235333661626136313032643964343164356630306235626537336631623866
65343539393031323262623433343931353333663339356532356535396335363037303564633039
37383838366561336663623330323231356663353165373365393830613631376238386136393764
36656563303335393263663861643131366130646466633235656135663337333465626466363735
36386233636563646332323437376434346561613037343734653238636561393630313432363537
38366233646439643066666438383763346466646665376532373861623439323831396336336363
62616539353837633464383366333365393762393538356335363161643430393965323838626337
61343562386165353338346637313264346361643639623033346639356330663436373966633231
61633932646562646236366137326537393662326561616261653530363064643434336433306339
31363737663736353863653438333066663966666438623635356135373364343262623636353861
35333831626230313438626633653238366134343233323166373032633862336563373862666364
64663065616332393831636534393131653566383462613466646136363266326665336237333131
31646163633538306563656434313135646135313363623731313365353839663436343635376535
38636332623965343164363063333563616363633539623930366166333761303436396261636132
3033
