$ANSIBLE_VAULT;1.1;AES256
34333261653335353631326365656335653165383437383063666133646665653563363438383736
3662346437613837333766663831313364663536626337330a333435626137353432666565323036
64636666666338396466383861326334656137336665343337393033363965376435333630376561
3066663636363531390a363332383539643962383462666530363165643362316237653666306637
62356530656437613061373039366433653965616465343433646430323031316466376362643339
31316265373763383432313564326436343236393836383038366162616266613034323361386433
31636635313135623732333737353930636635333537633535393732333332383964623862313931
37633535366431376664666335626432613230633732633464313033633066386565666439613636
35303834373861373633373836613432366361666566663432386134626430656531626438313639
61643931363034383062303033633633663737633665613836313336323633353164363765343531
32636662623565396530383865353065376636303063663166326336383239376432643433633333
33613733333735366262633631373633363031656438373561616464666662303638646139633835
61326534393230316362353732636535313134636564616435376530316239396139666163346564
6139653065393830633561623537633762303965316633313334
