$ANSIBLE_VAULT;1.1;AES256
35353361316365303065343839323635386164353034393766653139653263376666636531343762
6265333661653338316437383537356261393234353430390a386637393131343235306234316565
34383637326638663161343338666332653462376263313233333132313533626236373736376138
6337626437623966370a623939326564613139333961393532303338643866373737343639386365
32346163626666303133386336343964323338356333373735373030343963333633613038323664
35643230633630343932656364613336326161666634616666613261643633623563633637623036
38363331633733616661623633343436356333336464393764323664376430636664363364633630
37626565316363303731366236636439646631343336366336383163333830333434613265346233
31643261626131353037393730306164653338643065383732336135613435323561353833393836
35653935386363613462353765373265363963313265663337643334306263613131323833376438
38666634363061623265623137653332616463343535623130326532393433316238333665313264
63623433646238616263333038666564613062613232613466323832346165636362373932383333
3332
