$ANSIBLE_VAULT;1.1;AES256
35396364643539336132373632623230353665376432386330373537643765633233636138373737
3438303034663136303562363064626134643430386239640a313965363837373635396461336635
30303536313733623364653763306437636232313233363339343061333865363064626330663563
6361643735333134660a396130643334613261333565383439343764386531346164663936646539
64346336343032336332656133323533616130373961303137643337633439636361646630356437
38613234376161316535333232633136343438633731663162393038323232313034636430316363
63323037636436366236663163626631376161366334613536653236303030333338393531663135
33313130333066336637666639373965363966633032616535313565626530373133653361653230
35386561313666303132396162396638356638346132616334376337613334383938623866376433
39303036653666646266613536646562393831326466353465386161336334366136376231323734
34323365356165366539313763373265316435373233343331626336643332323166663735613234
62386435306263613232
