$ANSIBLE_VAULT;1.1;AES256
33636336386430316635313132643737633966346339346135323661323362376166373939633562
3033376131663233326331383963306265623065306234340a343732373861653432626531663763
32363736373862653938303463376236303832373337383632643935313632326266663934636331
6261396666343764300a343434396265633031353864386166363936323263353330373239333563
37353661323066616661623437306532383838366633653936633636313263623134666132366362
34653536393738616366363139323835383939306438653230346437613935313630663836616166
38306263353039623037643562343564336265656431363533646438313931666531333132323565
35386465323337666264616434653036663431663636663836343265303133306233663464613636
38626139613036643532363733396266623330306235396331323736643763636235333130656436
38356563323361373130653337373930333936643234393737303431663564623665356434663635
34643438356561333564383362363231353762616536643233616139383533393633346461343336
35626562353136356335353361356565333964363837663361336364613464373632363932623431
3131
